class RPGExplosiveLarge extends RPGExplosive;

defaultproperties
{
    RadiusDamage=600.000000
    ExplodingDamage=300.000000
    MomentumDamage=900.000000
    CollisionDamage=150.000000
    Health=50
    DrawScale=1.500000
    CollisionRadius=33.000000
    CollisionHeight=48.000000
    Mass=200.000000
}
