class RPGSmallBlock extends RPGBlock;

defaultproperties
{
     HealthMax=1000.000000
     Health=1000
     DrawScale=0.900000
     CollisionRadius=10.000000
     CollisionHeight=10.000000
     Mass=5000.000000
}
